#Value	g	N	alpha	beta	alarms	Test-Run
42311	0	69274	27821	50912	0	76
49663	0	71078	28545	52238	0	77
49663	0	71078	28545	52238	0	78
18103	0	73707	29601	54170	0	79
32518	0	72275	29026	53118	0	80
33355	0	72710	29201	53437	0	81
100025	46207	73227	29408	53817	0	82
2058	0	82019	32939	60279	0	83
44650	0	78174	31395	57453	0	84
157	0	79824	32058	58666	0	85
1283	0	75853	30463	55747	0	86
168215	115137	72220	29004	53077	1	87
12505	61827	89552	35964	65815	1	88
6351	4509	86631	34791	63668	1	89
29167	0	83090	33369	61066	1	90
12764	0	82567	33159	60681	1	91
12764	0	82567	33159	60681	1	92
65208	6392	80027	32139	58815	1	93
3328	0	84144	33793	61841	1	94
4972	0	80352	32269	59053	1	95
200002	143445	76953	30905	56556	2	96
3171	74588	98006	39359	72028	2	97
3954	9825	93500	37550	68717	2	98
25506	0	89317	35870	65643	2	99
7315	0	88027	35352	64694	2	100
7315	0	88027	35352	64694	2	101
140386	78256	84536	33950	62129	2	102
5409	11797	97787	39272	71868	2	103
33795	0	93571	37579	68769	2	104
3241	0	93100	37389	68423	2	105
6103	0	88849	35682	65298	2	106
8262	0	85166	34203	62592	2	107
16944	0	81936	32906	60218	2	108
20079	0	79949	32108	58758	2	109
4865	0	78451	31506	57657	2	110
4865	0	78451	31506	57657	2	111
1951	0	75135	30174	55219	2	112
173537	120899	71621	28763	52637	3	113
2195	57210	89645	36002	65884	3	114
71871	66290	85436	34311	62790	3	115
54312	54375	90112	36189	66227	3	116
7563	0	92368	37095	67885	3	117
59971	0	88692	35619	65183	3	118
101400	33988	91723	36836	67411	3	119
6590	0	99761	40065	73318	3	120
11072	0	95594	38391	70256	3	121
5617	0	92193	37025	67756	3	122
7269	0	88282	35454	64882	3	123
115408	53104	84773	34045	62303	3	124
12631	0	94903	38113	69748	3	125
14575	0	91730	36839	67416	3	126
18386	0	88958	35726	65379	3	127
93833	30040	86799	34859	63792	3	128
66034	26885	94141	37808	69188	3	129
113165	68279	97656	39219	71771	3	130
3046	0	106862	42916	78537	3	131
26187	0	101898	40923	74889	3	132
9490	0	100063	40186	73540	3	133
9819	0	96242	38651	70732	3	134
119643	51549	92652	37209	68093	3	135
753	0	102915	41331	75636	3	136
56628	0	97863	39302	71923	3	137
85414	11905	100020	40168	73508	3	138
6682	0	105653	42431	77648	3	139
87472	13094	101202	40643	74377	3	140
102637	37068	107032	42985	78662	3	141
55488	8435	114459	45967	84120	3	142
13224	0	115644	46443	84991	3	143
16750	0	111508	44782	81952	3	144
46396	0	108018	43381	79387	3	145
6444	0	108394	43531	79663	3	146
1781	0	103776	41677	76269	3	147
19391	0	98809	39682	72619	3	148
75512	4749	96283	38668	70762	3	149
14397	0	100870	40510	74133	3	150
21985	0	97619	39204	71744	3	151
20201	0	95475	38343	70168	3	152
4685	0	93216	37436	68508	3	153
37569	0	89139	35798	65511	3	154
1216	0	89359	35887	65673	3	155
150360	87858	85042	34153	62501	4	156
6672	21396	99510	39964	73134	4	157
31102	0	95365	38299	70088	4	158
4881	0	94469	37939	69429	4	159
54502	0	90353	36286	66404	4	160
25492	0	92621	37197	68071	4	161
29163	0	91164	36612	67000	4	162
14798	0	90236	36239	66318	4	163
11346	0	87567	35167	64356	4	164
8418	0	84601	33976	62177	4	165
3159	0	81419	32698	59838	4	166
155043	97907	77741	31221	57135	5	167
55167	84609	93157	37412	68465	5	168
5855	20374	95368	38300	70089	5	169
3657	0	91328	36678	67121	5	170
148674	84574	87217	35027	64099	5	171
331342	341418	101366	40709	74498	6	172
44131	284457	137550	55241	101091	6	173
2451	186834	136167	54685	100074	6	174
883	92422	129663	52073	95295	6	175
15801	17611	123290	49514	90611	6	176
16236	0	119093	47828	87526	6	177
107790	23154	115160	46249	84635	6	178
58059	0	122821	49326	90266	6	179
6007	0	123909	49762	91065	6	180
61796	0	118461	47574	87062	6	181
3230	0	120232	48285	88363	6	182
54721	0	114622	46033	84240	6	183
15095	0	115704	46467	85035	6	184
105537	23371	111798	44898	82165	6	185
212045	147703	119347	47930	87713	7	186
128063	173036	139780	56136	102729	7	187
73742	137467	148734	59732	109311	7	188
19700	46574	150478	60433	110592	7	189
77054	16762	145407	58396	106865	7	190
6912	0	147730	59329	108573	7	191
89446	0	141204	56708	103776	7	192
62284	0	145280	58345	106772	7	193
216564	109431	145770	58542	107132	7	194
42411	30250	165444	66443	121591	7	195
60430	0	162452	65241	119392	7	196
6276	0	161853	65001	118952	7	197
129646	16066	154541	62065	113579	7	198
103327	0	162955	65444	119762	7	199
21093	0	167672	67338	123228	7	200
136811	17813	161914	65025	118997	7	201
131236	23483	170851	68615	125565	7	202
35746	0	178648	71746	131295	7	203
31581	0	174166	69946	128001	7	204
3077	0	169389	68027	124491	7	205
99629	0	161303	64780	118548	7	206
3435	0	165641	66522	121736	7	207
127201	11236	157787	63368	115964	7	208
47927	0	165734	66560	121804	7	209
19971	0	163414	65628	120100	7	210
20967	0	157730	63345	115922	7	211
238748	126703	152454	61226	112044	7	212
218294	216709	174555	70102	128287	8	213
59954	134815	193005	77512	141847	8	214
32563	27137	190819	76634	140240	8	215
90373	0	185332	74430	136208	8	216
4353	0	187317	75227	137667	8	217
47416	0	178493	71684	131182	8	218
76682	0	175472	70470	128961	8	219
326079	196549	176245	70781	129529	9	220
68450	112109	208030	83546	152889	9	221
29847	0	206150	82791	151508	9	222
61448	0	199558	80144	146663	9	223
99439	0	197231	79209	144953	9	224
79797	0	199749	80220	146804	9	225
1927	0	199697	80199	146765	9	226
84130	0	189952	76286	139603	9	227
55898	0	190928	76678	140321	9	228
101641	0	188341	75639	138419	9	229
21634	0	191578	76939	140798	9	230
5732	0	184693	74174	135738	9	231
96647	0	176172	70751	129476	9	232
20433	0	179396	72046	131845	9	233
339460	212337	172970	69465	127122	10	234
8662	69171	206584	82965	151827	10	235
264	0	197333	79250	145028	10	236
2318	0	187499	75301	137801	10	237
32841	0	178413	71652	131123	10	238
33848	0	173581	69711	127572	10	239
51776	0	169116	67918	124290	10	240
45133	0	167106	67111	122813	10	241
110154	0	164370	66012	120802	10	242
260505	135663	169866	68219	124841	10	243
142161	135388	193805	77833	142435	10	244
169393	156460	201814	81050	148321	10	245
29615	29670	212813	85467	156404	10	246
80001	0	205859	82674	151294	10	247
4658	0	205526	82540	151049	10	248
91791	0	195830	78646	143923	10	249
29794	0	197466	79303	145126	10	250
204458	63861	191302	76828	140596	10	251
33316	0	207192	83209	152274	10	252
7011	0	200980	80715	147708	10	253
90834	0	191804	77030	140964	10	254
8513	0	193523	77720	142227	10	255
12564	0	184907	74259	135895	10	256
8108	0	177225	71175	130250	10	257
8446	0	169374	68021	124479	10	258
157588	38559	161956	65042	119028	10	259
104559	15622	173478	69670	127496	10	260
73121	0	177822	71414	130688	10	261
31384	0	178034	71499	130844	10	262
53644	0	173040	69494	127174	10	263
31496	0	171067	68701	125723	10	264
5199	0	166434	66841	122319	10	265
12847	0	158760	63759	116679	10	266
209128	97107	152421	61213	112020	10	267
2322	0	170837	68609	125555	10	268
323	0	162584	65294	119489	10	269
155998	42453	154495	62046	113544	10	270
44988	0	166192	66743	122141	10	271
48616	0	163483	65656	120150	10	272
24302	0	161362	64804	118591	10	273
57745	0	156319	62779	114885	10	274
37631	0	155693	62527	114425	10	275
19931	0	152593	61282	112147	10	276
52057	0	147445	59214	108363	10	277
16610	0	146554	58857	107708	10	278
5025	0	141294	56744	103842	10	279
1302748	1203637	134855	54158	99110	11	280
12832	1003113	290304	116588	213356	11	281
28743	827993	277386	111400	203862	11	282
167059	798752	267096	107267	196299	11	283
91487	688469	274540	110257	201770	11	284
4626	493042	272203	109318	200052	11	285
292025	594593	259169	104083	190473	11	286
76221	463144	282567	113480	207670	11	287
7159	266042	277928	111617	204260	11	288
141651	212990	264923	106395	194702	11	289
134626	149687	269313	108157	197928	11	290
134604	83941	272608	109481	200350	11	291
247557	128848	275736	110737	202649	11	292
11316	0	292770	117578	215168	11	293
29470	0	279540	112265	205445	11	294
23567	0	269232	108125	197869	11	295
102772	0	258704	103897	190132	11	296
31969	0	258564	103841	190029	11	297
66981	0	249616	100247	183453	11	298
109600	0	245475	98584	180409	11	299
8418	0	246846	99135	181417	11	300
147140	0	235552	94599	173116	11	301
5673	0	242093	97226	177924	11	302
570	0	230695	92648	169547	11	303
2753	0	219231	88044	161121	11	304
192271	38953	208612	83780	153317	11	305
3931	0	222119	89204	163244	11	306
2315	0	211503	84940	155441	11	307
114218	0	201216	80809	147881	11	308
5957	0	205375	82480	150938	11	309
28380	0	195848	78653	143936	11	310
18552	0	189589	76140	139336	11	311
214773	80705	182419	73260	134067	11	312
29524	0	200037	80336	147015	11	313
84669	0	193711	77795	142366	11	314
4048	0	194567	78139	142995	11	315
99949	0	185342	74434	136215	11	316
957	0	188519	75710	138550	11	317
18864	0	179212	71972	131710	11	318
8379	0	172600	69317	126850	11	319
6895	0	165013	66270	121275	11	320
422819	306976	157621	63301	115842	12	321
188678	346916	202381	81277	148738	12	322
143381	331732	215752	86647	158565	12	323
9015	176991	222815	89484	163756	12	324
9521	30118	212797	85460	156393	12	325
142938	23611	203343	81663	149444	12	326
69560	0	210971	84727	155051	12	327
13975	0	209083	83969	153663	12	328
2389	0	200369	80469	147259	12	329
1957	0	190647	76565	140114	12	330
174811	41522	181359	72835	133288	12	331
105464	4367	194055	77933	142618	12	332
44503	0	197482	79310	145137	12	333
47012	0	193149	77569	141953	12	334
121202	0	189344	76042	139157	12	335
180647	37357	194967	78300	143289	12	336
40749	0	207709	83417	152653	12	337
16608	0	202397	81283	148749	12	338
38600	0	194344	78050	142831	12	339
2551	0	189433	76077	139222	12	340
84372	0	180279	72401	132494	12	341
92543	0	181769	72999	133589	12	342
21549	0	184202	73977	135377	12	343
31016	0	177675	71355	130580	12	344
118070	0	172653	69338	126889	12	345
36655	0	178720	71775	131348	12	346
294611	166475	174347	70019	128135	12	347
25778	43568	202309	81248	148685	12	348
2793	0	195403	78475	143609	12	349
1475	0	185980	74691	136684	12	350
105056	0	176865	71030	129985	12	351
66073	0	181101	72731	133098	12	352
110843	0	180272	72398	132489	12	353
89164	0	185059	74320	136007	12	354
1359	0	186907	75063	137365	12	355
191229	60607	177730	71377	130621	12	356
1949	0	192652	77370	141587	12	357
367	0	183262	73599	134686	12	358
107798	0	174144	69937	127986	12	359
92400	0	178858	71830	131450	12	360
73402	0	181419	72859	133332	12	361
154657	21274	181487	72886	133382	12	362
53754	0	191667	76974	140864	12	363
181850	43110	188776	75813	138739	12	364
8111	0	201977	81115	148441	12	365
222639	80877	192888	77465	141761	12	366
246947	172779	210962	84724	155045	12	367
87677	90567	231159	92835	169888	12	368
138095	59246	230517	92577	169416	12	369
51047	0	236184	94853	173581	12	370
233577	64003	230730	92662	169573	12	371
6872	0	248274	99708	182466	12	372
174212	239	236716	95066	173972	12	373
66197	0	246569	99024	181213	12	374
6133	0	242482	97382	178210	12	375
14161	0	231122	92820	169860	12	376
30232	0	221329	88887	162663	12	377
327809	170512	214026	85954	157296	12	378
60095	51180	244137	98047	179426	12	379
388286	263513	239412	96149	175953	13	380
5258	66086	275783	110756	202684	13	381
98848	0	262648	105481	193031	13	382
47733	0	261823	105149	192424	13	383
91657	0	254674	102278	187170	13	384
164931	0	253352	101747	186198	13	385
34031	0	261218	104907	191979	13	386
516	0	252394	101363	185494	13	387
18594	0	239838	96320	176267	13	388
75688	0	230161	92434	169155	13	389
11431	0	228077	91597	167622	13	390
93020	0	218096	87588	160287	13	391
394058	233273	218772	87860	160784	14	392
150885	195356	256894	103170	188801	14	393
122087	124276	262834	105556	193167	14	394
63323	0	264892	106382	194680	14	395
634	0	259531	104229	190740	14	396
303111	121849	246634	99049	181261	14	397
29678	0	272039	109252	199932	14	398
3395	0	262132	105274	192651	14	399
81	0	249448	100180	183329	14	400
20248	0	236986	95175	174170	14	401
152532	0	227657	91428	167314	14	402
3031	0	235265	94484	172905	14	403
59631	0	223879	89911	164537	14	404
34836	0	220109	88397	161767	14	405
904	0	213441	85719	156866	14	406
20735	0	202881	81478	149105	14	407
3745	0	195318	78441	143547	14	408
135499	0	186019	74706	136712	14	409
41623	0	193587	77746	142275	14	410
11674	0	189090	75940	138970	14	411
43902	0	181089	72726	133089	14	412
10480	0	177500	71285	130452	14	413
156580	31691	169930	68245	124888	14	414
42822	0	180928	72661	132971	14	415
179697	49456	177213	71169	130240	14	416
123800	33084	190724	76596	140171	14	417
165657	54251	196601	78956	144490	14	418
48676	0	207395	83291	152423	14	419
82752	0	203086	81560	149256	14	420
64987	0	203234	81620	149365	14	421
661	0	201163	80788	147843	14	422
46855	0	191187	76782	140511	14	423
59390	0	187461	75285	137773	14	424
960	0	185482	74491	136318	14	425
31660	0	176328	70814	129590	14	426
20108	0	171453	68856	126007	14	427
54451	0	165384	66419	121547	14	428
36369	0	163894	65820	120452	14	429
458	0	160227	64348	117757	14	430
14963	0	152273	61153	111911	14	431
259705	152019	146522	58844	107685	15	432
48618	74574	171529	68887	126063	15	433
113264	63628	169005	67873	124209	15	434
97409	32675	174656	70143	128362	15	435
1762	0	178051	71506	130857	15	436
34367	0	169368	68019	124475	15	437
152751	31354	165178	66336	121396	15	438
3289	0	175937	70657	129303	15	439
19533	0	167549	67289	123139	15	440
6870	0	161604	64901	118769	15	441
66872	0	154379	61999	113459	15	442
73077	0	154985	62243	113905	15	443
178535	63638	156334	62785	114896	15	444
81978	20128	170745	68572	125487	15	445
36079	0	172414	69242	126714	15	446
30925	0	168285	67584	123679	15	447
163	0	163721	65751	120325	15	448
124730	10405	155555	62472	114324	15	449
85082	0	163306	65585	120020	15	450
20923	0	165734	66559	121804	15	451
14631	0	160052	64278	117628	15	452
80401	0	153871	61795	113086	15	453
154985	40196	156187	62725	114788	15	454
130214	47180	167673	67338	123230	15	455
95520	13716	175501	70482	128983	15	456
125192	7634	178619	71734	131274	15	457
131099	2568	185274	74407	136165	15	458
405549	266764	192332	77242	141352	16	459
64985	160356	233206	93657	171392	16	460
202593	194179	229637	92223	168769	16	461
41946	57257	243378	97742	178868	16	462
262407	145901	236431	94952	173762	16	463
15663	0	257279	103325	189084	16	464
93981	0	246365	98942	181063	16	465
1950	0	245747	98693	180609	16	466
1449	0	233703	93856	171757	16	467
193507	30204	222198	89236	163302	16	468
230878	88239	235180	94449	172843	16	469
71395	0	252165	101271	185326	16	470
20977	0	248445	99777	182592	16	471
3359	0	238635	95837	175382	16	472
55024	0	227121	91213	166920	16	473
200181	36571	222616	89404	163609	16	474
77272	0	236407	94942	173745	16	475
39794	0	234207	94059	172128	16	476
3317	0	227451	91346	167163	16	477
194389	35280	216492	86944	159108	16	478
47311	0	229868	92316	168939	16	479
18252	0	224265	90066	164821	16	480
314399	156148	215324	86475	158250	16	481
19010	0	243701	97872	179105	16	482
81355	0	233882	93928	171889	16	483
280167	109427	232317	93300	170739	16	484
7929	0	255582	102643	187837	16	485
5560	0	243790	97907	179171	16	486
279027	108305	232293	93290	170721	16	487
133522	54111	255417	102577	187716	16	488
66994	0	259269	104124	190547	16	489
58212	0	254647	102267	187150	16	490
54255	0	249162	100065	183119	16	491
6664	0	243458	97774	178927	16	492
12233	0	232115	93219	170591	16	493
186015	22834	222032	89169	163180	16	494
91636	0	234090	94012	172042	16	495
26402	0	233794	93893	171824	16	496
24189	0	225391	90518	165649	16	497
26958	0	217133	87202	159580	16	498
91515	0	209633	84190	154067	16	499
26036	0	210545	84556	154737	16	500
5420	0	203259	81630	149383	16	501
12079	0	193771	77819	142410	16	502
20548	0	185586	74532	136394	16	503
358287	226831	178865	71833	131455	17	504
16783	85949	214528	86156	157665	17	505
13336	0	205891	82687	151318	17	506
76279	0	197257	79219	144972	17	507
10696	0	196891	79072	144703	17	508
21948	0	188378	75654	138446	17	509
47130	0	181692	72968	133532	17	510
51917	0	178475	71676	131168	17	511
101478	0	176015	70688	129360	17	512
121852	0	179848	72228	132177	17	513
47800	0	186026	74709	136718	17	514
25022	0	182676	73363	134256	17	515
81126	0	176657	70946	129832	17	516
79076	0	177925	71455	130764	17	517
4020	0	178873	71836	131461	17	518
25400	0	170430	68445	125256	17	519
93409	0	165071	66293	121317	17	520
50398	0	168447	67649	123798	17	521
57581	0	166299	66786	122220	17	522
62254	0	165153	66326	121377	17	523
76581	0	164646	66122	121005	17	524
60772	0	165948	66645	121961	17	525
59481	0	165216	66352	121424	17	526
13201	0	164361	66008	120795	17	527
25472	0	157786	63368	115963	17	528
1951	0	153068	61473	112496	17	529
125866	18815	145658	58497	107050	17	530
81142	0	154045	61865	113214	17	531
19302	0	156445	62829	114978	17	532
148778	37782	151026	60653	110995	17	533
11011	0	161997	65059	119058	17	534
45695	0	155268	62356	114113	17	535
4202	0	153194	61523	112588	17	536
77028	0	146057	58657	107343	17	537
9818	0	148345	59576	109024	17	538
16355	0	142150	57088	104471	17	539
132672	31927	137078	55051	100744	17	540
73463	0	146742	58932	107846	17	541
25543	0	148551	59659	109176	17	542
92366	0	144304	57953	106054	17	543
6741	0	148588	59674	109203	17	544
70168	0	141998	57027	104360	17	545
188683	83120	143634	57684	105562	17	546
41717	7288	159943	64234	117548	17	547
23761	0	157140	63108	115488	17	548
1058	0	152241	61141	111888	17	549
33323	0	144761	58136	106390	17	550
3328	0	141671	56896	104120	17	551
51114	0	135002	54217	99218	17	552
44231	0	134616	54062	98934	17	553
125090	27054	133391	53571	98035	17	554
154547	77022	142296	57147	104579	17	555
32113	0	154422	62017	113491	17	556
125096	14341	150699	60521	110754	17	557
178700	76377	158738	63750	116663	17	558
6437	0	173050	69498	127181	17	559
92541	0	165198	66344	121411	17	560
86184	0	168460	67654	123808	17	561
87285	0	170767	68581	125503	17	562
35768	0	173095	69516	127215	17	563
5154	0	168894	67828	124127	17	564
5542	0	161091	64695	118392	17	565
13223	0	153726	61737	112979	17	566
22033	0	147686	59311	108540	17	567
27583	0	143045	57447	105129	17	568
11111	0	139327	55954	102397	17	569
36337	0	133744	53712	98293	17	570
14612	0	131580	52843	96703	17	571
78384	0	126820	50932	93205	17	572
41938	0	130238	52304	95717	17	573
37274	0	128948	51786	94769	17	574
66472	0	127141	51060	93441	17	575
17438	0	129059	51831	94851	17	576
9226	0	124778	50111	91704	17	577
73051	0	119687	48067	87963	17	578
38627	0	122798	49316	90249	17	579
36872	0	121467	48782	89271	17	580
16830	0	119984	48186	88181	17	581
11474	0	116080	46618	85312	17	582
1047232	965135	111705	44861	82096	18	583
5121	796442	236500	94980	173813	18	584
5013	635864	225312	90487	165591	18	585
6408	484502	214671	86213	157770	18	586
9280	343313	204735	82223	150468	18	587
100014	299533	195654	78575	143793	18	588
12328	166106	198323	79647	145755	18	589
102127	128637	189941	76281	139595	18	590
26574	13250	193159	77574	141960	18	591
