#Value	p (wmw)	alarms (wmw)	p (ks)	alarms (ks)	p (pcs)	alarms (pcs)	Slevel	Test-Run
6682	0,308861	0	0,588598	0	1	0	0.01	139
87472	0,331166	0	0,642544	0	1	0	0.01	140
102637	0,102311	0	0,207263	0	0,507122	0	0.01	141
55488	0,0771569	0	0,0493208	0	0,507122	0	0.01	142
13224	0,0632025	0	0,0493208	0	0,507122	0	0.01	143
16750	0,0546646	0	0,0493208	0	0,507122	0	0.01	144
46396	0,0849585	0	0,114758	0	0,507122	0	0.01	145
6444	0,0491447	0	0,114758	0	0,507122	0	0.01	146
1781	0,214702	0	0,484112	0	1	0	0.01	147
19391	0,354087	0	0,925779	0	1	0	0.01	148
75512	0,154112	0	0,389056	0	0,507122	0	0.01	149
14397	0,283707	0	0,389056	0	1	0	0.01	150
21985	0,44624	0	0,435128	0	1	0	0.01	151
20201	0,545529	0	0,435128	0	1	0	0.01	152
4685	0,630327	0	0,588598	0	1	0	0.01	153
37569	0,541405	0	0,925779	0	0,507122	0	0.01	154
1216	0,803058	0	0,588598	0	1	0	0.01	155
150360	0,52901	0	0,88993	0	0,507122	0	0.01	156
6672	0,401472	0	0,847281	0	0,507122	0	0.01	157
31102	0,354087	0	0,847281	0	0,507122	0	0.01	158
4881	0,657446	0	0,748719	0	1	0	0.01	159
54502	0,524872	0	0,847281	0	0,507122	0	0.01	160
25492	0,524872	0	0,88993	0	0,507122	0	0.01	161
29163	0,487558	0	0,748719	0	0,507122	0	0.01	162
14798	0,369673	0	0,748719	0	0,507122	0	0.01	163
11346	0,5	0	0,974351	0	1	0	0.01	164
8418	0,365755	0	0,79946	0	1	0	0.01	165
3159	0,740421	0	0,484112	0	0,507122	0	0.01	166
155043	0,454471	0	0,953965	0	1	0	0.01	167
55167	0,433937	0	0,953965	0	1	0	0.01	168
5855	0,417634	0	0,953965	0	1	0	0.01	169
3657	0,680068	0	0,847281	0	0,507122	0	0.01	170
148674	0,549647	0	0,925779	0	0,507122	0	0.01	171
331342	0,393451	0	0,484112	0	0,507122	0	0.01	172
44131	0,301575	0	0,484112	0	1	0	0.01	173
2451	0,413579	0	0,484112	0	1	0	0.01	174
883	0,52901	0	0,306735	0	1	0	0.01	175
15801	0,369673	0	0,484112	0	1	0	0.01	176
16236	0,590466	0	0,847281	0	0,507122	0	0.01	177
107790	0,52901	0	0,748719	0	0,507122	0	0.01	178
58059	0,305209	0	0,748719	0	1	0	0.01	179
6007	0,266363	0	0,748719	0	1	0	0.01	180
61796	0,316224	0	0,748719	0	1	0	0.01	181
3230	0,680068	0	0,88993	0	0,507122	0	0.01	182
54721	0,668834	0	0,88993	0	0,507122	0	0.01	183
15095	0,516587	0	0,925779	0	0,507122	0	0.01	184
105537	0,194071	0	0,435128	0	1	0	0.01	185
212045	0,0771569	0	0,155668	0	0,507122	0	0.01	186
128063	0,0292225	0	0,027948	0	0,184625	0	0.01	187
73742	0,0385659	0	0,0339467	0	0,184625	0	0.01	188
19700	0,0632025	0	0,180054	0	0,184625	0	0.01	189
77054	0,0156875	0	0,0339467	0	0,0465937	0	0.01	190
6912	0,0491447	0	0,207263	0	0,184625	0	0.01	191
89446	0,00792783	1	0,0410231	0	0,0465937	0	0.01	192
62284	0,00666916	1	0,0121843	0	0,0465937	0	0.01	193
216564	0,00128373	1	0,00101182	0	0,0079709	1	0.01	194
42411	0,00266377	1	0,0121843	0	0,0079709	1	0.01	195
60430	0,00686581	1	0,018653	0	0,0079709	1	0.01	196
6276	0,041248	1	0,133961	0	0,0465937	1	0.01	197
129646	0,0360277	1	0,155668	0	0,0465937	1	0.01	198
103327	0,0173993	1	0,027948	0	0,0465937	1	0.01	199
21093	0,0299215	1	0,133961	0	0,0465937	1	0.01	200
136811	0,00559049	2	0,0228918	0	0,0079709	2	0.01	201
131236	0,00481305	2	0,027948	0	0,0079709	2	0.01	202
35746	0,00748682	2	0,027948	0	0,0079709	2	0.01	203
31581	0,0265605	2	0,0339467	0	0,0465937	2	0.01	204
3077	0,0817697	2	0,180054	0	0,0465937	2	0.01	205
99629	0,0713176	2	0,180054	0	0,184625	2	0.01	206
3435	0,0882395	2	0,180054	0	0,184625	2	0.01	207
127201	0,0865874	2	0,180054	0	0,184625	2	0.01	208
47927	0,142098	2	0,237403	0	0,184625	2	0.01	209
19971	0,149228	2	0,346216	0	0,184625	2	0.01	210
20967	0,294367	2	0,346216	0	0,507122	2	0.01	211
238748	0,290794	2	0,389056	0	0,507122	2	0.01	212
218294	0,151657	2	0,389056	0	0,507122	2	0.01	213
59954	0,126369	2	0,435128	0	0,507122	2	0.01	214
32563	0,0470655	2	0,0978658	0	0,184625	2	0.01	215
90373	0,0558252	2	0,114758	0	0,184625	2	0.01	216
4353	0,0535231	2	0,114758	0	0,184625	2	0.01	217
47416	0,107987	2	0,133961	0	0,184625	2	0.01	218
76682	0,0882395	2	0,155668	0	0,184625	2	0.01	219
326079	0,0272062	2	0,114758	0	0,0465937	2	0.01	220
68450	0,0145004	2	0,0339467	0	0,0465937	2	0.01	221
29847	0,0558252	2	0,0589892	0	0,184625	2	0.01	222
61448	0,102311	2	0,0589892	0	0,184625	2	0.01	223
99439	0,0865874	2	0,0701836	0	0,184625	2	0.01	224
79797	0,0512968	2	0,0701836	0	0,0465937	2	0.01	225
1927	0,202761	2	0,306735	0	0,184625	2	0.01	226
84130	0,0699121	2	0,0701836	0	0,0465937	2	0.01	227
55898	0,0619228	2	0,0339467	0	0,0465937	2	0.01	228
101641	0,0491447	2	0,0339467	0	0,0465937	2	0.01	229
21634	0,159101	2	0,155668	0	0,184625	2	0.01	230
5732	0,346383	2	0,588598	0	0,507122	2	0.01	231
96647	0,243016	2	0,237403	0	0,184625	2	0.01	232
20433	0,342554	2	0,588598	0	0,507122	2	0.01	233
339460	0,259579	2	0,588598	0	0,507122	2	0.01	234
8662	0,466854	2	0,987483	0	1	2	0.01	235
264	0,475128	2	0,987483	0	1	2	0.01	236
2318	0,750428	2	0,696303	0	0,507122	2	0.01	237
32841	0,785298	2	0,588598	0	0,184625	2	0.01	238
33848	0,873631	2	0,180054	0	0,0465937	2	0.01	239
51776	0,82797	2	0,484112	0	0,184625	2	0.01	240
45133	0,71276	2	0,484112	0	0,507122	2	0.01	241
110154	0,702039	2	0,435128	0	0,507122	2	0.01	242
260505	0,458595	2	0,847281	0	1	2	0.01	243
142161	0,524872	2	0,88993	0	1	2	0.01	244
169393	0,236555	2	0,389056	0	0,507122	2	0.01	245
29615	0,122107	2	0,180054	0	0,507122	2	0.01	246
80001	0,027865	2	0,027948	0	0,184625	2	0.01	247
4658	0,0558252	2	0,155668	0	0,184625	2	0.01	248
91791	0,0306344	2	0,180054	0	0,0465937	2	0.01	249
29794	0,0403377	2	0,155668	0	0,184625	2	0.01	250
204458	0,0145004	2	0,0228918	0	0,184625	2	0.01	251
33316	0,0377041	2	0,155668	0	0,507122	2	0.01	252
7011	0,180101	2	0,588598	0	1	2	0.01	253
90834	0,236555	2	0,642544	0	1	2	0.01	254
8513	0,512442	2	0,925779	0	0,507122	2	0.01	255
12564	0,590466	2	0,925779	0	0,507122	2	0.01	256
8108	0,794292	2	0,389056	0	0,184625	2	0.01	257
8446	0,750428	2	0,435128	0	0,184625	2	0.01	258
157588	0,694791	2	0,435128	0	0,184625	2	0.01	259
104559	0,541405	2	0,435128	0	0,507122	2	0.01	260
73121	0,668834	2	0,435128	0	0,507122	2	0.01	261
31384	0,683776	2	0,435128	0	0,507122	2	0.01	262
53644	0,557868	2	0,696303	0	1	2	0.01	263
31496	0,691139	2	0,696303	0	0,507122	2	0.01	264
5199	0,730212	2	0,748719	0	0,507122	2	0.01	265
12847	0,709206	2	0,79946	0	0,507122	2	0.01	266
209128	0,421698	2	0,987483	0	1	2	0.01	267
2322	0,487558	2	0,998342	0	1	2	0.01	268
323	0,83322	2	0,748719	0	0,507122	2	0.01	269
155998	0,805929	2	0,748719	0	0,507122	2	0.01	270
44988	0,853175	2	0,306735	0	0,184625	2	0.01	271
48616	0,825306	2	0,306735	0	0,507122	2	0.01	272
24302	0,873631	2	0,237403	0	0,184625	2	0.01	273
57745	0,840899	2	0,435128	0	0,507122	2	0.01	274
37631	0,747116	2	0,435128	0	0,507122	2	0.01	275
19931	0,733637	2	0,435128	0	0,507122	2	0.01	276
52057	0,857902	2	0,114758	0	0,507122	2	0.01	277
16610	0,776079	2	0,114758	0	0,507122	2	0.01	278
5025	0,73704	2	0,114758	0	0,507122	2	0.01	279
1302748	0,726764	2	0,0978658	0	0,507122	2	0.01	280
12832	0,791319	2	0,114758	0	0,507122	2	0.01	281
28743	0,83322	2	0,133961	0	0,184625	2	0.01	282
167059	0,638149	2	0,484112	0	0,507122	2	0.01	283
91487	0,598528	2	0,79946	0	0,507122	2	0.01	284
4626	0,747116	2	0,346216	0	0,507122	2	0.01	285
292025	0,47099	2	0,748719	0	1	2	0.01	286
76221	0,42577	2	0,748719	0	1	2	0.01	287
7159	0,442132	2	0,748719	0	1	2	0.01	288
141651	0,164194	2	0,389056	0	0,507122	2	0.01	289
134626	0,23019	2	0,484112	0	0,507122	2	0.01	290
134604	0,078672	2	0,133961	0	0,184625	2	0.01	291
247557	0,0202649	2	0,0228918	0	0,0465937	2	0.01	292
11316	0,102311	2	0,155668	0	0,184625	2	0.01	293
29470	0,196942	2	0,155668	0	0,507122	2	0.01	294
23567	0,128538	2	0,155668	0	0,507122	2	0.01	295
102772	0,180101	2	0,389056	0	0,507122	2	0.01	296
31969	0,249572	2	0,346216	0	1	2	0.01	297
66981	0,117946	2	0,346216	0	0,507122	2	0.01	298
109600	0,146825	2	0,389056	0	0,507122	2	0.01	299
8418	0,365755	2	0,847281	0	1	2	0.01	300
147140	0,381506	2	0,88993	0	1	2	0.01	301
5673	0,723295	2	0,642544	0	0,507122	2	0.01	302
570	0,772957	2	0,696303	0	0,507122	2	0.01	303
2753	0,838366	2	0,588598	0	0,507122	2	0.01	304
192271	0,642038	2	0,588598	0	1	2	0.01	305
3931	0,860227	2	0,180054	0	0,507122	2	0.01	306
2315	0,931472	2	0,027948	0	0,507122	2	0.01	307
114218	0,897689	2	0,027948	0	0,507122	2	0.01	308
5957	0,974072	2	0,00295055	1	0,184625	2	0.01	309
28380	0,962296	2	0,0151177	1	0,184625	2	0.01	310
18552	0,992072	2	0,0121843	1	0,0465937	2	0.01	311
214773	0,938077	2	0,0978658	1	0,184625	2	0.01	312
29524	0,869267	2	0,155668	1	0,184625	2	0.01	313
84669	0,665055	2	0,588598	1	0,507122	2	0.01	314
4048	0,91176	2	0,155668	1	0,184625	2	0.01	315
99949	0,726764	2	0,588598	1	0,507122	2	0.01	316
957	0,730212	2	0,588598	1	0,507122	2	0.01	317
18864	0,873631	2	0,180054	1	0,184625	2	0.01	318
8379	0,855552	2	0,207263	1	0,184625	2	0.01	319
6895	0,895822	2	0,207263	1	0,184625	2	0.01	320
422819	0,698425	2	0,642544	1	0,507122	2	0.01	321
188678	0,709206	2	0,642544	1	0,507122	2	0.01	322
143381	0,512442	2	0,748719	1	1	2	0.01	323
9015	0,691139	2	0,270536	1	0,507122	2	0.01	324
9521	0,614524	2	0,306735	1	0,507122	2	0.01	325
142938	0,57423	2	0,306735	1	0,507122	2	0.01	326
69560	0,334945	2	0,484112	1	1	2	0.01	327
13975	0,342554	2	0,484112	1	1	2	0.01	328
2389	0,377549	2	0,484112	1	1	2	0.01	329
1957	0,401472	2	0,435128	1	1	2	0.01	330
174811	0,454471	2	0,484112	1	1	2	0.01	331
105464	0,524872	2	0,79946	1	1	2	0.01	332
44503	0,665055	2	0,79946	1	1	2	0.01	333
47012	0,537278	2	0,987483	1	0,507122	2	0.01	334
121202	0,316224	2	0,535498	1	0,184625	2	0.01	335
180647	0,323659	2	0,588598	1	0,184625	2	0.01	336
40749	0,357962	2	0,588598	1	0,184625	2	0.01	337
16608	0,342554	2	0,535498	1	0,184625	2	0.01	338
38600	0,17203	2	0,133961	1	0,0465937	2	0.01	339
2551	0,156593	2	0,133961	1	0,0465937	2	0.01	340
84372	0,243016	2	0,155668	1	0,0465937	2	0.01	341
92543	0,25622	2	0,155668	1	0,0465937	2	0.01	342
21549	0,319932	2	0,535498	1	0,184625	2	0.01	343
31016	0,342554	2	0,535498	1	0,507122	2	0.01	344
118070	0,373604	2	0,588598	1	0,507122	2	0.01	345
36655	0,57423	2	0,535498	1	1	2	0.01	346
294611	0,405497	2	0,696303	1	1	2	0.01	347
25778	0,369673	2	0,435128	1	1	2	0.01	348
2793	0,545529	2	0,925779	1	0,507122	2	0.01	349
1475	0,541405	2	0,88993	1	0,507122	2	0.01	350
105056	0,512442	2	0,88993	1	0,507122	2	0.01	351
66073	0,549647	2	0,88993	1	0,507122	2	0.01	352
110843	0,365755	2	0,748719	1	1	2	0.01	353
89164	0,266363	2	0,696303	1	0,507122	2	0.01	354
1359	0,561969	2	0,696303	1	0,507122	2	0.01	355
191229	0,393451	2	0,696303	1	0,507122	2	0.01	356
1949	0,776079	2	0,237403	1	1	2	0.01	357
367	0,877893	2	0,0493208	1	1	2	0.01	358
107798	0,676341	2	0,0978658	1	0,507122	2	0.01	359
92400	0,401472	2	0,207263	1	0,184625	2	0.01	360
73402	0,42577	2	0,207263	1	0,184625	2	0.01	361
154657	0,331166	2	0,133961	1	0,184625	2	0.01	362
53754	0,417634	2	0,306735	1	0,184625	2	0.01	363
181850	0,323659	2	0,306735	1	0,184625	2	0.01	364
8111	0,252884	2	0,306735	1	0,184625	2	0.01	365
222639	0,26296	2	0,346216	1	0,184625	2	0.01	366
246947	0,0582048	2	0,0830769	1	0,0465937	2	0.01	367
87677	0,0120272	2	0,0121843	1	0,0079709	3	0.01	368
138095	0,00939084	2	0,0121843	1	0,0079709	3	0.01	369
51047	0,0130384	2	0,018653	1	0,0079709	3	0.01	370
233577	0,00526704	3	0,018653	1	0,0079709	3	0.01	371
6872	0,0328578	3	0,133961	1	0,0465937	3	0.01	372
174212	0,0152829	3	0,0493208	1	0,0465937	3	0.01	373
66197	0,0368581	3	0,155668	1	0,0465937	3	0.01	374
6133	0,0403377	3	0,155668	1	0,0465937	3	0.01	375
14161	0,154112	3	0,588598	1	0,184625	3	0.01	376
30232	0,319932	3	0,748719	1	0,507122	3	0.01	377
327809	0,220823	3	0,79946	1	0,507122	3	0.01	378
60095	0,327404	3	0,847281	1	0,507122	3	0.01	379
388286	0,169392	3	0,435128	1	0,507122	3	0.01	380
5258	0,454471	3	0,847281	1	1	3	0.01	381
98848	0,26296	3	0,847281	1	0,507122	3	0.01	382
47733	0,413579	3	0,847281	1	1	3	0.01	383
91657	0,381506	3	0,847281	1	1	3	0.01	384
164931	0,159101	3	0,642544	1	0,507122	3	0.01	385
34031	0,126369	3	0,207263	1	0,507122	3	0.01	386
516	0,23019	3	0,484112	1	0,507122	3	0.01	387
18594	0,5	3	0,925779	1	1	3	0.01	388
75688	0,495852	3	0,925779	1	1	3	0.01	389
11431	0,76664	3	0,435128	1	0,507122	3	0.01	390
93020	0,582366	3	0,435128	1	1	3	0.01	391
394058	0,458595	3	0,847281	1	1	3	0.01	392
150885	0,305209	3	0,847281	1	0,507122	3	0.01	393
122087	0,259579	3	0,847281	1	0,507122	3	0.01	394
63323	0,409534	3	0,88993	1	1	3	0.01	395
634	0,549647	3	0,847281	1	0,507122	3	0.01	396
303111	0,177385	3	0,642544	1	0,184625	3	0.01	397
29678	0,161634	3	0,642544	1	0,184625	3	0.01	398
3395	0,290794	3	0,88993	1	0,507122	3	0.01	399
81	0,377549	3	0,88993	1	0,507122	3	0.01	400
20248	0,504148	3	0,847281	1	1	3	0.01	401
152532	0,578302	3	0,847281	1	1	3	0.01	402
3031	0,830608	3	0,389056	1	0,507122	3	0.01	403
59631	0,895822	3	0,306735	1	0,507122	3	0.01	404
34836	0,916647	3	0,237403	1	0,184625	3	0.01	405
904	0,904917	3	0,270536	1	0,184625	3	0.01	406
20735	0,976479	3	0,0493208	1	0,0465937	3	0.01	407
3745	0,986609	3	0,0589892	1	0,0465937	3	0.01	408
135499	0,935497	3	0,306735	1	0,184625	3	0.01	409
41623	0,843407	3	0,306735	1	0,184625	3	0.01	410
11674	0,845888	3	0,346216	1	0,184625	3	0.01	411
43902	0,925807	3	0,0701836	1	0,0465937	3	0.01	412
10480	0,908386	3	0,0701836	1	0,0465937	3	0.01	413
156580	0,860227	3	0,133961	1	0,0465937	3	0.01	414
42822	0,840899	3	0,155668	1	0,0465937	3	0.01	415
179697	0,55376	3	0,535498	1	0,184625	3	0.01	416
123800	0,389458	3	0,88993	1	0,507122	3	0.01	417
165657	0,146825	3	0,389056	1	1	3	0.01	418
48676	0,243016	3	0,435128	1	0,507122	3	0.01	419
82752	0,202761	3	0,435128	1	1	3	0.01	420
64987	0,130733	3	0,114758	1	0,507122	3	0.01	421
661	0,223921	3	0,435128	1	0,507122	3	0.01	422
46855	0,159101	3	0,114758	1	0,507122	3	0.01	423
59390	0,25622	3	0,114758	1	0,507122	3	0.01	424
960	0,405497	3	0,346216	1	0,507122	3	0.01	425
31660	0,610542	3	0,748719	1	1	3	0.01	426
20108	0,791319	3	0,237403	1	0,507122	3	0.01	427
54451	0,892013	3	0,0410231	1	0,507122	3	0.01	428
36369	0,915042	3	0,0410231	1	0,507122	3	0.01	429
458	0,978695	3	0,0121843	1	0,184625	3	0.01	430
14963	0,989215	3	0,00615875	1	0,0465937	3	0.01	431
259705	0,897689	3	0,0589892	1	0,184625	3	0.01	432
48618	0,888104	3	0,0701836	1	0,184625	3	0.01	433
113264	0,853175	3	0,270536	1	0,184625	3	0.01	434
97409	0,657446	3	0,748719	1	0,507122	3	0.01	435
1762	0,733637	3	0,79946	1	0,507122	3	0.01	436
34367	0,687467	3	0,847281	1	0,507122	3	0.01	437
152751	0,586421	3	0,994857	1	0,507122	3	0.01	438
3289	0,687467	3	0,925779	1	0,507122	3	0.01	439
19533	0,590466	3	0,974351	1	0,507122	3	0.01	440
6870	0,590466	3	0,987483	1	0,507122	3	0.01	441
66872	0,730212	3	0,847281	1	0,507122	3	0.01	442
73077	0,691139	3	0,847281	1	1	3	0.01	443
178535	0,653617	3	0,987483	1	1	3	0.01	444
81978	0,683776	3	0,79946	1	1	3	0.01	445
36079	0,533146	3	0,847281	1	1	3	0.01	446
30925	0,541405	3	0,847281	1	1	3	0.01	447
163	0,845888	3	0,306735	1	0,507122	3	0.01	448
124730	0,626396	3	0,79946	1	1	3	0.01	449
85082	0,487558	3	0,79946	1	0,507122	3	0.01	450
20923	0,413579	3	0,642544	1	0,507122	3	0.01	451
14631	0,541405	3	0,925779	1	1	3	0.01	452
80401	0,541405	3	0,925779	1	1	3	0.01	453
154985	0,582366	3	0,88993	1	1	3	0.01	454
130214	0,516587	3	0,88993	1	1	3	0.01	455
95520	0,393451	3	0,642544	1	0,507122	3	0.01	456
125192	0,217751	3	0,180054	1	0,184625	3	0.01	457
131099	0,0546646	3	0,0339467	1	0,0465937	3	0.01	458
405549	0,0377041	3	0,0410231	1	0,0465937	3	0.01	459
64985	0,0502116	3	0,155668	1	0,0465937	3	0.01	460
202593	0,0104927	3	0,0228918	1	0,0079709	4	0.01	461
41946	0,00610876	3	0,018653	1	0,0079709	4	0.01	462
262407	0,00205423	3	0,00615875	1	0,0079709	4	0.01	463
15663	0,0126935	3	0,0589892	1	0,0465937	4	0.01	464
93981	0,0178514	3	0,0701836	1	0,0465937	4	0.01	465
1950	0,0645027	3	0,306735	1	0,184625	4	0.01	466
1449	0,223921	3	0,642544	1	0,507122	4	0.01	467
193507	0,199839	3	0,207263	1	0,507122	4	0.01	468
230878	0,23336	3	0,237403	1	0,507122	4	0.01	469
71395	0,220823	3	0,237403	1	0,507122	4	0.01	470
20977	0,454471	3	0,748719	1	1	4	0.01	471
3359	0,566063	3	0,748719	1	1	4	0.01	472
55024	0,753718	3	0,748719	1	0,507122	4	0.01	473
200181	0,487558	3	0,79946	1	1	4	0.01	474
77272	0,533146	3	0,79946	1	1	4	0.01	475
39794	0,377549	3	0,748719	1	1	4	0.01	476
3317	0,323659	3	0,696303	1	0,507122	4	0.01	477
194389	0,323659	3	0,696303	1	0,507122	4	0.01	478
47311	0,516587	3	0,79946	1	1	4	0.01	479
18252	0,653617	3	0,748719	1	0,507122	4	0.01	480
314399	0,369673	3	0,696303	1	1	4	0.01	481
19010	0,316224	3	0,696303	1	1	4	0.01	482
81355	0,266363	3	0,696303	1	1	4	0.01	483
280167	0,26296	3	0,748719	1	1	4	0.01	484
7929	0,44624	3	0,748719	1	0,507122	4	0.01	485
5560	0,55376	3	0,484112	1	0,507122	4	0.01	486
279027	0,223921	3	0,270536	1	1	4	0.01	487
133522	0,249572	3	0,435128	1	1	4	0.01	488
66994	0,211679	3	0,435128	1	0,507122	4	0.01	489
58212	0,122107	3	0,389056	1	0,184625	4	0.01	490
54255	0,283707	3	0,748719	1	0,507122	4	0.01	491
6664	0,301575	3	0,696303	1	0,507122	4	0.01	492
12233	0,483413	3	0,79946	1	1	4	0.01	493
186015	0,524872	3	0,79946	1	1	4	0.01	494
91636	0,305209	3	0,696303	1	0,507122	4	0.01	495
26402	0,236555	3	0,696303	1	0,507122	4	0.01	496
24189	0,504148	3	0,88993	1	1	4	0.01	497
26958	0,705633	3	0,535498	1	0,507122	4	0.01	498
91515	0,672596	3	0,535498	1	0,507122	4	0.01	499
26036	0,756984	3	0,346216	1	0,184625	4	0.01	500
5420	0,843407	3	0,0830769	1	0,184625	4	0.01	501
12079	0,808775	3	0,0978658	1	0,184625	4	0.01	502
20548	0,763445	3	0,114758	1	0,184625	4	0.01	503
358287	0,726764	3	0,114758	1	0,184625	4	0.01	504
16783	0,855552	3	0,018653	1	0,0465937	4	0.01	505
13336	0,89393	3	0,018653	1	0,0465937	4	0.01	506
76279	0,817157	3	0,133961	1	0,184625	4	0.01	507
10696	0,855552	3	0,114758	1	0,184625	4	0.01	508
21948	0,936797	3	0,0151177	1	0,0465937	4	0.01	509
47130	0,927255	3	0,0701836	1	0,0465937	4	0.01	510
51917	0,848343	3	0,270536	1	0,184625	4	0.01	511
101478	0,653617	3	0,79946	1	0,507122	4	0.01	512
121852	0,479269	3	0,847281	1	1	4	0.01	513
47800	0,691139	3	0,435128	1	0,507122	4	0.01	514
25022	0,649773	3	0,435128	1	0,507122	4	0.01	515
81126	0,479269	3	0,435128	1	1	4	0.01	516
79076	0,495852	3	0,435128	1	1	4	0.01	517
4020	0,524872	3	0,435128	1	1	4	0.01	518
25400	0,483413	3	0,484112	1	1	4	0.01	519
93409	0,389458	3	0,484112	1	0,507122	4	0.01	520
50398	0,405497	3	0,484112	1	1	4	0.01	521
57581	0,512442	3	0,484112	1	1	4	0.01	522
62254	0,630327	3	0,237403	1	1	4	0.01	523
76581	0,541405	3	0,270536	1	0,507122	4	0.01	524
60772	0,442132	3	0,270536	1	0,184625	4	0.01	525
59481	0,475128	3	0,306735	1	0,184625	4	0.01	526
13201	0,653617	3	0,346216	1	0,507122	4	0.01	527
25472	0,520731	3	0,389056	1	0,507122	4	0.01	528
1951	0,626396	3	0,389056	1	0,507122	4	0.01	529
125866	0,594503	3	0,389056	1	0,507122	4	0.01	530
81142	0,508295	3	0,484112	1	0,184625	4	0.01	531
19302	0,642038	3	0,588598	1	0,507122	4	0.01	532
148778	0,541405	3	0,925779	1	0,507122	4	0.01	533
11011	0,730212	3	0,925779	1	1	4	0.01	534
45695	0,788321	3	0,88993	1	0,507122	4	0.01	535
4202	0,899533	3	0,346216	1	0,184625	4	0.01	536
77028	0,785298	3	0,847281	1	0,507122	4	0.01	537
9818	0,835806	3	0,484112	1	0,507122	4	0.01	538
16355	0,772957	3	0,535498	1	0,507122	4	0.01	539
132672	0,791319	3	0,484112	1	0,507122	4	0.01	540
73463	0,822615	3	0,435128	1	0,507122	4	0.01	541
25543	0,779177	3	0,79946	1	0,507122	4	0.01	542
92366	0,82797	3	0,79946	1	0,507122	4	0.01	543
6741	0,819899	3	0,847281	1	0,507122	4	0.01	544
70168	0,763445	3	0,847281	1	1	4	0.01	545
188683	0,454471	3	0,79946	1	0,507122	4	0.01	546
41717	0,55376	3	0,994857	1	1	4	0.01	547
23761	0,450353	3	0,987483	1	1	4	0.01	548
1058	0,545529	3	0,994857	1	1	4	0.01	549
33323	0,740421	3	0,748719	1	0,507122	4	0.01	550
3328	0,897689	3	0,270536	1	0,184625	4	0.01	551
51114	0,867045	3	0,588598	1	0,184625	4	0.01	552
44231	0,924336	3	0,180054	1	0,0465937	4	0.01	553
125090	0,74378	3	0,642544	1	0,184625	4	0.01	554
154547	0,638149	3	0,642544	1	0,184625	4	0.01	555
32113	0,819899	3	0,180054	1	0,0465937	4	0.01	556
125096	0,705633	3	0,588598	1	0,184625	4	0.01	557
178700	0,491705	3	0,79946	1	0,507122	4	0.01	558
6437	0,429849	3	0,748719	1	0,507122	4	0.01	559
92541	0,290794	3	0,535498	1	1	4	0.01	560
86184	0,10607	3	0,237403	1	0,507122	4	0.01	561
87285	0,0727446	3	0,0493208	1	0,184625	4	0.01	562
35768	0,0771569	3	0,0493208	1	0,184625	4	0.01	563
5154	0,236555	3	0,237403	1	0,507122	4	0.01	564
5542	0,533146	3	0,696303	1	1	4	0.01	565
13223	0,594503	3	0,642544	1	1	4	0.01	566
22033	0,776079	3	0,748719	1	0,507122	4	0.01	567
27583	0,895822	3	0,306735	1	0,184625	4	0.01	568
11111	0,867045	3	0,346216	1	0,184625	4	0.01	569
36337	0,931472	3	0,0830769	1	0,0465937	4	0.01	570
14612	0,977051	3	0,0121843	1	0,0079709	5	0.01	571
78384	0,980239	3	0,0121843	1	0,0079709	5	0.01	572
41938	0,97761	3	0,0228918	1	0,0079709	5	0.01	573
37274	0,946477	3	0,0228918	1	0,0079709	5	0.01	574
66472	0,840899	3	0,155668	1	0,0465937	5	0.01	575
17438	0,835806	3	0,155668	1	0,0465937	5	0.01	576
9226	0,882054	3	0,155668	1	0,0465937	5	0.01	577
73051	0,811595	3	0,270536	1	0,184625	5	0.01	578
38627	0,694791	3	0,306735	1	0,184625	5	0.01	579
36872	0,676341	3	0,306735	1	0,507122	5	0.01	580
16830	0,661258	3	0,306735	1	0,507122	5	0.01	581
11474	0,855552	3	0,133961	1	0,184625	5	0.01	582
1047232	0,698425	3	0,484112	1	0,184625	5	0.01	583
5121	0,817157	3	0,535498	1	0,184625	5	0.01	584
5013	0,932835	3	0,155668	1	0,0465937	5	0.01	585
6408	0,949788	3	0,155668	1	0,184625	5	0.01	586
9280	0,952935	3	0,155668	1	0,184625	5	0.01	587
100014	0,932835	3	0,155668	1	0,184625	5	0.01	588
12328	0,963142	3	0,027948	1	0,0465937	5	0.01	589
102127	0,91823	3	0,027948	1	0,184625	5	0.01	590
26574	0,888104	3	0,0589892	1	0,184625	5	0.01	591
